ID,Adoption,Died,Euthanasia,Return_to_owner,Transfer
1,0.424007820183,0.346423118871,0.184630809404,0.0387097006019,0.00622855093982
2,0.444022169034,0.198041162653,0.31197322669,0.0435862673012,0.00237717432228
3,0.66857435304,0.239920446126,0.0695026010198,0.0172434513071,0.00475914850774
4,0.176176009653,0.437022728484,0.281909835329,0.0982805774487,0.00661084908569
5,0.396946836943,0.211345317657,0.337330513406,0.0519344972554,0.00244283473853
6,0.390822896605,0.21315282735,0.342022154267,0.051484555934,0.00251756584406
7,0.41274517936,0.258870030305,0.258815845733,0.0655378665819,0.00403107801986
8,0.648298477487,0.264608835597,0.0645395658326,0.0177748904172,0.00477823066673
9,0.608877395172,0.197427736262,0.173766933421,0.0180306019806,0.00189733316485
10,0.573017602284,0.198100517973,0.198841108519,0.0286077115266,0.00143305969648
11,0.615051381005,0.19738508708,0.167154595337,0.0185640870419,0.00184484953588
12,0.299856655408,0.286581566063,0.322712749247,0.0866974826399,0.00415154664248
13,0.576108042402,0.193821912338,0.201329075387,0.0273184803249,0.00142248954768
14,0.415882781101,0.345295014982,0.13702394405,0.0945796827611,0.00721857710514
15,0.567568275129,0.223648690191,0.18468595306,0.0220584108604,0.00203867075861
16,0.600081508727,0.201060453548,0.178255286768,0.0187126962606,0.0018900546976
17,0.3415967098,0.19821121574,0.400990072637,0.0577478903037,0.00145411151917
18,0.392634307792,0.209810848355,0.343453158054,0.0514979390067,0.00260374679258
19,0.427629905363,0.311651745169,0.207386412763,0.0469072192154,0.00642471748985
20,0.14133311621,0.535676063519,0.0715417959646,0.237562145478,0.0138868788282
21,0.428990609281,0.312365602576,0.207048851118,0.0453622347929,0.00623270223171
22,0.495843380735,0.419003801667,0.034279274926,0.043554057574,0.0073194850972
23,0.576312754111,0.239140110102,0.160023500835,0.0216468387736,0.00287679617901
24,0.208430902337,0.679734358269,0.0185007195518,0.0787586201903,0.0145753996521
25,0.595871270589,0.207012825378,0.176219830117,0.0191742526467,0.00172182126989
26,0.519234228465,0.394998528679,0.0323132717485,0.0469922452993,0.0064617258085
27,0.667658704034,0.228809597806,0.082666403218,0.0165664012102,0.00429889373188
28,0.0995729016496,0.696516112876,0.079451218881,0.103772508982,0.0206872576117
29,0.386272805971,0.215321449582,0.342658038349,0.0531727444515,0.00257496164677
30,0.393618952698,0.21248519719,0.338872770483,0.0525084663243,0.00251461330448
31,0.397690805359,0.351273517993,0.154211959022,0.0900011977564,0.00682251986998
32,0.621814487537,0.19364569449,0.165506624051,0.0171947488173,0.0018384451046
33,0.322866732633,0.435485084328,0.10601415777,0.125739611281,0.00989441398805
34,0.630780384325,0.273339054854,0.0720932224626,0.018498311376,0.00528902698192
35,0.476803938593,0.421461830576,0.0539566794814,0.0350066044149,0.0127709469351
36,0.568932880035,0.222094531151,0.184619183931,0.0222969939905,0.00205641089286
37,0.28437099544,0.482720601961,0.0935593335474,0.127718492099,0.0116305769536
38,0.566311733102,0.225757591381,0.184383290543,0.0213284634842,0.00221892149024
39,0.380316776975,0.184564568727,0.387694490087,0.0457879366171,0.00163622759333
40,0.541585818883,0.334672820915,0.0768310474085,0.0419321811173,0.0049781316763
41,0.420556475788,0.348793190581,0.185555138324,0.0392199464976,0.00587524880877
42,0.052054701873,0.818560795601,0.0125180421708,0.092776948023,0.0240895123319
43,0.659436746445,0.256980435956,0.0609260357698,0.0178930588036,0.00476372302583
44,0.0716139810489,0.780125452114,0.0240136753777,0.0976716581796,0.0265752332794
45,0.253615522829,0.505007050789,0.0910425193497,0.139558010452,0.0107768965807
46,0.467942236,0.320991398404,0.124337091806,0.0785116928293,0.00821758096163
47,0.426578223322,0.317714693131,0.204543598427,0.0451489911813,0.0060144939384
48,0.379841342948,0.211952909235,0.344669159675,0.0608902302648,0.0026463578773
49,0.365657289522,0.185682658831,0.387260628302,0.060051066353,0.00134835699089
50,0.212024589047,0.492630053528,0.217829623303,0.063654729988,0.0138610041342
51,0.257860311738,0.539920155946,0.101663481042,0.0656328222788,0.0349232289956
52,0.389856369274,0.179546843042,0.376555307742,0.0508761142237,0.00316536571758
53,0.649452814275,0.259987079453,0.0675766859692,0.017877746967,0.00510567333575
54,0.447554020943,0.441561496338,0.0588998821702,0.0392391422044,0.0127454583442
55,0.316140932749,0.445639508379,0.10377127465,0.123745309079,0.0107029751428
56,0.464377175707,0.265833248372,0.198928835867,0.0646078466594,0.00625289339417
57,0.563133620965,0.226174751421,0.187483622412,0.0208979102962,0.00231009490524
58,0.505196265074,0.408273527104,0.0331074122555,0.0461954009434,0.00722739462345
59,0.131206930061,0.646463650562,0.0633156402261,0.144865294928,0.0141484842234
60,0.558901505011,0.227170662684,0.190005159938,0.0215930531057,0.00232961926167
61,0.405137051472,0.353684461138,0.14013280127,0.0941735185197,0.00687216760016
62,0.325432698299,0.199754831068,0.399785917669,0.0733140299125,0.0017125230508
63,0.6364964069,0.244220467764,0.0957145137277,0.0187367731264,0.00483183848269
64,0.0667177339292,0.798041568483,0.0150478219681,0.0936570310021,0.0265358446178
65,0.0568141479083,0.810015095682,0.013131039502,0.0953021162218,0.0247376006855
66,0.623035840009,0.19150253876,0.166374307692,0.0173149148702,0.00177239866909
67,0.657738507599,0.254729899013,0.064741502473,0.0177385054983,0.00505158541686
68,0.292854663796,0.285476780954,0.337294114544,0.0796667990579,0.0047076416482
69,0.37953864479,0.220189800186,0.343916331112,0.0538276533343,0.00252757057716
70,0.209072407338,0.685149923541,0.018048267955,0.0740426723638,0.0136867288015
71,0.297481009303,0.534784186655,0.0776239353559,0.0787444242848,0.0113664444006
72,0.621941121408,0.192591269632,0.166412885006,0.017209663119,0.00184506083506
73,0.505981483694,0.406101650009,0.0331760502456,0.0480817265374,0.00665908951416
74,0.387989660282,0.216103151888,0.341307935293,0.0519402815744,0.00265897096307
75,0.247567732578,0.619612476559,0.0344400535652,0.0830772165874,0.0153025207102
76,0.476063335221,0.386916433228,0.0848221254011,0.0390939885833,0.0131041175667
77,0.653118699411,0.238383916012,0.0869433852872,0.0172718466427,0.00428215264723
78,0.264899663579,0.501851482938,0.0934150307962,0.12928927615,0.0105445465364
79,0.446825759086,0.198288619241,0.310869864894,0.0415392652879,0.0024764914908
80,0.639555638978,0.243053554739,0.0938890761554,0.0188349549312,0.00466677519615
81,0.0493999588745,0.82548054348,0.0126237724011,0.0884259522894,0.0240697729546
82,0.509794990808,0.400815327002,0.033246240658,0.0484098046066,0.00773363692615
83,0.5593536491,0.227536653788,0.189003039682,0.0218908781093,0.00221577932007
84,0.0623749320526,0.799524625557,0.014606000759,0.0980492276145,0.0254452140173
85,0.338918160828,0.205435036412,0.395241842756,0.0586571663788,0.00174779362504
86,0.0757714076555,0.775745507772,0.0187197535111,0.103571036799,0.0261922942622
87,0.306985263469,0.279294817732,0.321467319633,0.087766638805,0.00448596036065
88,0.559347834045,0.206025533721,0.205057058223,0.0277828194435,0.00178675456812
89,0.206430109247,0.681328801075,0.0188713005489,0.0784492144407,0.0149205746886
90,0.659212244631,0.23583749713,0.0831738095678,0.0173763878137,0.00440006085704
91,0.0470868661143,0.567389292968,0.0708379989355,0.305723568566,0.00896227341669
92,0.0420621063129,0.670676714263,0.0527676180557,0.224632530224,0.009861031145
93,0.654079227872,0.233606595982,0.0902532749203,0.0175726205375,0.00448828068842
94,0.397893134112,0.211680383472,0.337495020602,0.0503700994828,0.00256136233064
95,0.326115664434,0.438044478362,0.100053084111,0.122344036418,0.0134427366755
96,0.396941052516,0.2161896265,0.328107628168,0.0557693948809,0.00299229793514
97,0.439439914396,0.196085175495,0.319801299334,0.0422920871219,0.00238152365224
98,0.0516038097416,0.816787586533,0.0132059715434,0.0929393136934,0.0254633184882
99,0.455093790682,0.410376215496,0.0848862513374,0.0379637566343,0.0116799858497
100,0.440768213986,0.198084798069,0.315278757929,0.0436608562659,0.00220737374966
101,0.656686630368,0.254449447566,0.0677723205397,0.0163860925704,0.00470550895554
102,0.685548583166,0.237481443521,0.0559600442219,0.0160586276132,0.0049513014784
103,0.384217927326,0.2147579738,0.343874631687,0.0546806138099,0.00246885337649
104,0.559610376661,0.228671205406,0.187836900964,0.0216188651587,0.00226265181021
105,0.656570266304,0.255879385905,0.0663456787233,0.0164832947882,0.00472137427987
106,0.571538750597,0.221294084388,0.183453699753,0.0214747131622,0.00223875209989
107,0.394691169255,0.21300428037,0.337647005582,0.0521019722607,0.00255557253196
108,0.315240954074,0.285030190904,0.3223978625,0.0726777422042,0.00465325031765
109,0.662344862825,0.232086915037,0.0859023647641,0.0157979999479,0.00386785742567
110,0.442206593047,0.292651589507,0.217361295664,0.0432367917222,0.00454373006066
111,0.375334352325,0.190856303094,0.386632268223,0.0453577247754,0.00181935158274
112,0.525611066727,0.226825453354,0.21463901629,0.0308752739445,0.00204918968376
113,0.336179110321,0.200550108554,0.399812535331,0.0596009582024,0.00385728759183
114,0.390149190153,0.219148589766,0.33168151656,0.0558705195569,0.00315018396409
115,0.225767643357,0.666374864425,0.0207424765222,0.0728419655874,0.0142730501084
116,0.575283364635,0.219212825792,0.182379026141,0.0208600447506,0.00226473868104
117,0.611342537313,0.200180310246,0.168352619547,0.018235952037,0.0018885808563
118,0.10570436441,0.337356741539,0.382503890144,0.170727442921,0.003707560985
119,0.372456924967,0.206447825393,0.360109666985,0.0584574182799,0.00252816437549
120,0.312266011824,0.445462271784,0.105924919458,0.12614371642,0.0102030805144
121,0.649378395949,0.26448098465,0.0634984915716,0.0175238791467,0.00511824868284
122,0.634793490778,0.2451809,0.095096741973,0.02009045712,0.00483841012897
123,0.632288281864,0.276226892743,0.0670773416702,0.0190216903231,0.00538579339943
124,0.492005705705,0.421326115573,0.0319628867415,0.0472739998588,0.00743129212188
125,0.0844278439272,0.704242731905,0.0753675092381,0.113196153118,0.0227657618121
126,0.562847762398,0.249360664837,0.163352429863,0.0214149793666,0.00302416353516
127,0.274973061676,0.444569865165,0.0880096770775,0.182487075255,0.00996032082676
128,0.653148005321,0.258865470427,0.0658308785096,0.0169789641008,0.00517668164212
129,0.661125122523,0.251959757533,0.0645767074503,0.0175075889464,0.00483082354734
130,0.657266276237,0.252924438502,0.068260926986,0.0165836483023,0.00496470997274
131,0.381240440157,0.20829824973,0.347042228107,0.0608501445138,0.0025689374917
132,0.652918995703,0.25741193071,0.0658228958374,0.0185800872198,0.00526609053009
133,0.483619236967,0.437111599422,0.0315807655881,0.0413105635787,0.00637783444425
134,0.435035705142,0.19757322434,0.322276043236,0.04273023222,0.00238479506259
135,0.470872318449,0.256969739898,0.202352978014,0.0643680413759,0.00543692226342
136,0.426297003601,0.19425288018,0.324475659869,0.0530632154888,0.00191124086142
137,0.399265790374,0.278956250441,0.24985208921,0.0682719948443,0.00365387512979
138,0.516248881729,0.400684177489,0.0339501705988,0.0428279691007,0.00628880108279
139,0.361673750597,0.180145951847,0.398908107405,0.0565037322131,0.0027684579384
140,0.390295207079,0.212832248295,0.343557946796,0.0508070400066,0.00250755782371
141,0.611873902261,0.196168104871,0.171863920541,0.0181843481091,0.00190972421728
142,0.478487930058,0.420238584642,0.0535861233064,0.0348360215339,0.0128513404596
143,0.376667691809,0.185399128075,0.387105062031,0.0493169553801,0.00151116270556
144,0.382642100403,0.178957797262,0.383123429227,0.0518627508742,0.00341392223391
145,0.591192616789,0.188554741612,0.19283149606,0.025921869942,0.00149927559703
146,0.373221110132,0.180378167433,0.389137694641,0.0558606137586,0.00140241403435
147,0.399409186094,0.26498400138,0.271128859709,0.0615268328023,0.0029511200144
148,0.335350503824,0.199240263675,0.406090782196,0.057810718809,0.0015077314959
149,0.221152705499,0.668804631394,0.0205909954703,0.0748144680447,0.0146371995921
150,0.26746792516,0.588229298824,0.054127292593,0.0611923732293,0.0289831101937
151,0.31859577752,0.459964816368,0.0934974994941,0.11539982768,0.0125420789378
152,0.052533928086,0.649916224439,0.058569593732,0.227624027328,0.0113562264146
153,0.606767770313,0.199928110675,0.173559464672,0.017868851948,0.00187580239166
154,0.115730017067,0.380406718936,0.349486481957,0.148563202021,0.00581358001941
155,0.625301669576,0.276350846279,0.067298182143,0.026966201177,0.0040831008253
156,0.618522206144,0.194277045328,0.167793315432,0.017495563454,0.00191186964199
157,0.339770862875,0.195379539531,0.405929817781,0.0574947525075,0.00142502730586
158,0.225843109621,0.661666927575,0.020964449493,0.0768425389191,0.0146829743918
159,0.44006797309,0.293849491156,0.217406163179,0.0433468865113,0.00532948606423
160,0.388086890022,0.214280019531,0.343338077755,0.0516826766034,0.00261233608817
161,0.440605547236,0.198881199468,0.316228532643,0.0418106407016,0.00247407995252
162,0.573877289129,0.218951982813,0.183193878486,0.0219787688583,0.00199808071384
163,0.53392002028,0.336322190908,0.0815184862532,0.0428593816247,0.00537992093471
164,0.660196629918,0.254976166275,0.0626697144014,0.0170321598364,0.00512532956989
165,0.389841843627,0.213646017854,0.34142014237,0.052376805805,0.00271519034385
166,0.669823400079,0.247904225251,0.0605578562958,0.0167902012055,0.00492431716887
167,0.575309796618,0.241960752967,0.158559075048,0.0214946790712,0.00267569629598
168,0.440583079916,0.197676119114,0.316071751234,0.0433617861721,0.002307263563
169,0.564966910702,0.225559435443,0.185843067499,0.0212006773642,0.00242990899204
170,0.561952113422,0.229028474233,0.185038002583,0.0215657465895,0.00241566317271
171,0.0407502649421,0.54796315977,0.0820925592498,0.318583880621,0.0106101354176
172,0.444818443746,0.194582580103,0.317382290066,0.0408000508416,0.00241663524313
173,0.361227439487,0.186654291312,0.39177226195,0.0590849933461,0.00126101390435
174,0.367056483248,0.181520483269,0.392783439616,0.0572252925102,0.00141430135732
175,0.390758881942,0.225536528767,0.324339427448,0.0559495459984,0.00341561584413
176,0.275111669972,0.579610106997,0.0514741972687,0.061586444534,0.0322175812278
177,0.34608742327,0.200197471273,0.3920624691,0.0581624113876,0.00349022496928
178,0.623514608037,0.25224586174,0.0956709086247,0.0224679084439,0.00610071315425
179,0.396815621793,0.368750131631,0.135394232083,0.0899325909045,0.00910742358885
180,0.271593185385,0.569435460308,0.0666675420094,0.080726551288,0.0115772610097
181,0.0616739766859,0.809807571155,0.0131726974685,0.0905612768275,0.0247844778627
182,0.451200345086,0.442479363088,0.0547437894441,0.0384748992107,0.0131016031704
183,0.562979802458,0.226941364047,0.186311721773,0.021433372273,0.00233373944909
184,0.433624346363,0.346494046726,0.174784762478,0.0392636962672,0.00583314816668
185,0.435499369296,0.203130233252,0.316874197469,0.0419815644149,0.00251463556787
186,0.388753146203,0.186818434821,0.378321029208,0.0443031375367,0.00180425223102
187,0.231315639164,0.651086133787,0.0221171555557,0.0798128805716,0.0156681909211
188,0.437420349921,0.198606893101,0.31817507839,0.043614589038,0.00218308955011
189,0.62443747914,0.210462047025,0.145028685593,0.0178196937795,0.00225209446339
190,0.614265630551,0.198448871642,0.167548162585,0.0179120122345,0.00182532298756
191,0.369784312544,0.186365593187,0.396843840602,0.045411165652,0.00159508801498
192,0.439293214786,0.189857776465,0.316325193858,0.0525894620469,0.00193435284385
193,0.417416117074,0.351689917972,0.184526130535,0.040544464937,0.00582336948234
194,0.52960478792,0.340243828626,0.0814503315153,0.0433790109538,0.00532204098516
195,0.627893636483,0.208365381975,0.143594327573,0.0180649148491,0.00208173912012
196,0.661621811627,0.253161360603,0.0624221813368,0.0177696406138,0.00502500581982
197,0.621440119894,0.216686720943,0.142874119304,0.0167084031263,0.00229063673347
198,0.52646495728,0.229101810194,0.210864925165,0.0314597753544,0.00210853200543
199,0.377203829838,0.18526589673,0.391085041794,0.0446933848112,0.00175184682669
200,0.566228824369,0.222908849589,0.186928825065,0.0217741620408,0.00215933893625
201,0.491050469656,0.422949915612,0.031521838786,0.0472369828158,0.00724079313086
202,0.426670791296,0.279435720583,0.234372376435,0.0542855535872,0.00523555809753
203,0.558442900985,0.23009845529,0.186874302308,0.0224138581704,0.00217048324648
204,0.458335751612,0.317756816764,0.1346543355,0.0797063922265,0.00954670389788
205,0.115720507183,0.359208210476,0.38278722946,0.136278145634,0.00600590724622
206,0.44532853231,0.304885626206,0.196814760272,0.0465514535797,0.00641962763227
207,0.559200715611,0.227637972804,0.188866030533,0.0221575785301,0.00213770252081
208,0.29133915289,0.264547668847,0.360967517743,0.0782932041031,0.00485245641753
209,0.389529190694,0.223257243025,0.327909859577,0.0559023256389,0.00340138106542
210,0.386924448849,0.214445854475,0.344419072268,0.0515947005408,0.00261592386683
211,0.266556833821,0.597674860164,0.036074898615,0.0839340373688,0.015759370031
212,0.333935247855,0.198213512335,0.406132506837,0.0580597142636,0.00365901871009
213,0.387834533119,0.213886857056,0.341725561528,0.0540060794505,0.00254696884766
214,0.612850887019,0.291327236959,0.0649956660058,0.0272243615238,0.00360184849254
215,0.202556218658,0.687626601458,0.0208398886127,0.0743298562213,0.0146474350503
216,0.420985268654,0.336314428221,0.142973179232,0.0937433052506,0.00598381864265
217,0.511864324037,0.374893677806,0.0476406921824,0.0571126734857,0.00848863248881
218,0.6641590865,0.25253232008,0.0609936537975,0.0174786613166,0.00483627830595
219,0.574145683954,0.220105820847,0.181943951451,0.0216254877862,0.00217905596139
220,0.367228739608,0.182383519433,0.394172103719,0.0528844465999,0.00333119063965
221,0.319431294233,0.287432366961,0.315811891265,0.0723028617481,0.00502158579308
222,0.0658316862997,0.791923806462,0.0162966765521,0.0989294719139,0.0270183587727
223,0.45284265608,0.412407295127,0.0841774278224,0.0387594428235,0.0118131781469
224,0.617478432599,0.191875865357,0.172181707984,0.0165869142499,0.00187707981056
225,0.12574345086,0.351193937241,0.371134454299,0.145253593805,0.00667456379519
226,0.445907939741,0.19519925683,0.314073387412,0.0424734457062,0.00234597031035
227,0.197100618262,0.695204771346,0.0203041304684,0.0730247551918,0.0143657247317
228,0.520004176072,0.347084086746,0.0847719262312,0.0426737798712,0.00546603107893
229,0.3834556613,0.215439946158,0.336259760448,0.0623399738106,0.00250465828308
230,0.202201646844,0.683010741635,0.0204264603777,0.0792689331691,0.0150922179735
231,0.66427742132,0.252084181314,0.0611647293419,0.017382901508,0.00509076651643
232,0.635517648871,0.206500511613,0.137633417134,0.0181469904864,0.00220143189534
233,0.250381150971,0.612255610661,0.035558989997,0.0862573253971,0.0155469229738
234,0.278432928735,0.255726540752,0.377963585497,0.0849621775922,0.00291476742395
235,0.341044405671,0.199149378454,0.401860806379,0.0564052251907,0.00154018430554
236,0.654359474736,0.257047219648,0.0653358809573,0.0180556431789,0.00520178147965
237,0.407627073215,0.208554650523,0.332584537018,0.048770388994,0.00246335024996
238,0.286812460057,0.546612843256,0.0687789441237,0.0857367286178,0.0120590239453
239,0.627865352794,0.189942416292,0.1638908368,0.0165339217033,0.00176747241071
240,0.532118311533,0.363351412667,0.0505316759255,0.0478797277779,0.00611887209657
241,0.533149802596,0.34287109143,0.075927963842,0.0427850382252,0.00526610390682
242,0.380270114438,0.190359384071,0.383117410633,0.0443723405264,0.00188075033185
243,0.527795060449,0.359313631062,0.0505029363303,0.055020494443,0.00736787771597
244,0.425103786327,0.32453232334,0.199508542933,0.0451191525778,0.00573619482228
245,0.390765097886,0.215764939803,0.339622188894,0.0510848184736,0.00276295494334
246,0.342253651589,0.195881084293,0.403665269157,0.0565432663239,0.00165672863707
247,0.653752697842,0.257595082658,0.0656889447322,0.0178496886312,0.00511358613666
248,0.651041356211,0.260022009314,0.0667595813013,0.0171981336031,0.00497891957018
249,0.390925187235,0.212454200756,0.342324138315,0.0517210712906,0.00257540240304
250,0.631949227746,0.272163462434,0.0720346244414,0.018582209433,0.00527047594535
251,0.288554223772,0.508351426107,0.0984905199591,0.0933466207043,0.0112572094569
252,0.335376530826,0.202645727329,0.400697329732,0.0599050473851,0.00137536472726
253,0.0515873049958,0.821904793459,0.0143832005099,0.0885151478076,0.023609553228
254,0.327663775943,0.191977009107,0.409038702431,0.0700142270302,0.00130628548863
255,0.209708970651,0.685078490052,0.0181648115,0.0733763971064,0.0136713306905
256,0.431167325822,0.200731530886,0.322213534865,0.043411543337,0.00247606508954
257,0.355593939974,0.358872163321,0.158594508463,0.119931149073,0.00700823916983
258,0.673139615543,0.244501918698,0.0604985671719,0.0172084643685,0.00465143421837
259,0.339277792132,0.199969837155,0.396649493641,0.0601945340796,0.003908342992
260,0.530572005344,0.337493166747,0.0823965174222,0.0441118985766,0.00542641190945
261,0.556267934583,0.228506990259,0.190365347278,0.0224654611202,0.00239426676024
262,0.596978225917,0.187493611511,0.188736160124,0.0252788589419,0.00151314350575
263,0.59638245236,0.205704073523,0.177048704077,0.018919511542,0.00194525849865
264,0.396768956613,0.211167196875,0.338753343212,0.0506886678737,0.00262183542627
265,0.381754413058,0.196024588284,0.374952267642,0.0455353427782,0.00173338823778
266,0.371910886214,0.303554200225,0.249304163009,0.0713833479408,0.00384740261068
267,0.0768662854543,0.73526252158,0.0601686457198,0.107103306032,0.0205992412146
268,0.213879334879,0.674818528433,0.0219203447924,0.0749682278444,0.0144135640511
269,0.506271258315,0.401050259738,0.0387942016915,0.0469663401144,0.0069179401417
270,0.62908826565,0.247397818628,0.0982011581918,0.0198768354269,0.00543592210349
271,0.0623652606116,0.804721638079,0.0138322922104,0.0940360250421,0.0250447840566
272,0.297677532316,0.472080509378,0.0944555736249,0.125540978492,0.0102454061886
273,0.214180908988,0.473794533012,0.235136954632,0.0646492148804,0.0122383884876
274,0.259239462334,0.356039327925,0.141762432001,0.231082282819,0.0118764949206
275,0.246603573043,0.452882879666,0.0935219964479,0.195690328243,0.0113012225995
276,0.0422284731269,0.663720184964,0.0520124903729,0.2318952755,0.0101435760368
277,0.480404262527,0.429440556676,0.0338343695938,0.0484997729839,0.00782103821952
278,0.30640906021,0.459450021191,0.103528236814,0.119647814992,0.0109648667939
279,0.429272526219,0.320597038557,0.200550026519,0.0442471053426,0.00533330336311
280,0.433488282003,0.454660084943,0.0601684883184,0.0387022660142,0.0129808787217
281,0.436635039514,0.198916102838,0.318105029799,0.0439941796952,0.00234964815242
282,0.335842858295,0.20397593401,0.39884135475,0.0597679209843,0.00157193196032
283,0.299386832835,0.542535138291,0.0675244684241,0.0782801070916,0.0122734533582
284,0.653098132833,0.261107809359,0.0625925581852,0.0178959424878,0.00530555713535
285,0.32821790136,0.195190699123,0.401313618088,0.0738900555014,0.00138772592766
286,0.395987800654,0.222763976588,0.322717369172,0.054854640976,0.00367621261031
287,0.507857885925,0.381700306586,0.0500400411296,0.0530693750056,0.00733239135431
288,0.0534189707218,0.814895046043,0.0151202133843,0.0926325491138,0.0239332207372
289,0.612973750039,0.200183052064,0.16668847682,0.0181814452479,0.00197327582933
290,0.385819762219,0.214795643584,0.344067629366,0.052790389379,0.00252657545169
291,0.495660282541,0.414004295651,0.0363471421366,0.0466226032889,0.00736567638308
292,0.679780557288,0.23821313448,0.0621003181665,0.0157239947872,0.00418199527824
293,0.563959366421,0.358725875698,0.0342478532519,0.0361453323423,0.00692157228731
294,0.173816152681,0.439072352072,0.20074842722,0.174342465893,0.0120206021339
295,0.324597578988,0.194701157534,0.407395860964,0.0719615798472,0.0013438226674
296,0.278448895059,0.524662600783,0.0933827335939,0.0927344281809,0.0107713423828
297,0.388832437055,0.214352505141,0.340828689865,0.0533557052279,0.00263066271082
298,0.0850105314306,0.711477668843,0.0710406482865,0.111909932741,0.0205612186995
299,0.437774947901,0.198952295926,0.317041070275,0.0440049079515,0.00222677794639
300,0.372677403517,0.333436722257,0.226779460781,0.0614107849093,0.0056956285363
301,0.378051755834,0.215410453719,0.341818234951,0.062059296857,0.00266025863856
302,0.65098615648,0.264085295751,0.0628947597691,0.01695536007,0.00507842792997
303,0.671276401596,0.242102416486,0.0643897161537,0.0172152329296,0.00501623283484
304,0.434129092834,0.198096170409,0.321323992226,0.0442220352317,0.00222870929894
305,0.0780915702397,0.507834384858,0.12902655614,0.271190406068,0.0138570826948
306,0.372337508202,0.201935965532,0.357779611158,0.0653144577663,0.002632457342
307,0.641390742243,0.265741421026,0.0690508273036,0.0184073197834,0.00540968964395
308,0.426828579243,0.319733430168,0.202120649793,0.0458561298505,0.00546121094588
309,0.612301326307,0.197542636727,0.170215350777,0.0180435791035,0.0018971070862
310,0.270784998368,0.588088666779,0.048166012462,0.0613776693268,0.031582653064
311,0.376551020649,0.292701246801,0.263520800768,0.0641917420507,0.00303518973115
312,0.551679240245,0.368838774554,0.0344785938413,0.038409916339,0.00659347502093
313,0.200329580025,0.68979039651,0.0204202486938,0.0755840066426,0.0138757681289
314,0.376004199007,0.18485649399,0.390635064691,0.0468963884264,0.00160785388501
315,0.650771587397,0.261166586517,0.0653049273993,0.0178108582838,0.00494604040291
316,0.376866679349,0.189628002401,0.384699484662,0.0470794105849,0.00172642300331
317,0.379824310776,0.187272208766,0.385537918655,0.0457225071595,0.00164305464395
318,0.514550035982,0.370386034854,0.0670756170519,0.0425163225402,0.00547198957231
319,0.212385255552,0.679916617693,0.0199990772412,0.072879684197,0.0148193653168
320,0.38780996942,0.228195452602,0.325467078949,0.0548469869941,0.00368051203415
321,0.374792611218,0.331416236965,0.229503120186,0.0591626793748,0.00512535225593
322,0.499911784885,0.412682257616,0.0341128709298,0.0459426398656,0.00735044670425
323,0.503686663633,0.383672698456,0.0490763254087,0.0552294957212,0.00833481678068
324,0.650249056081,0.259919844277,0.0672341839513,0.0172123597376,0.0053845559536
325,0.665776218386,0.249104292574,0.0641792407323,0.016129963401,0.00481028490723
326,0.650292686275,0.265589082392,0.0611277896372,0.0175872143232,0.00540322737275
327,0.576152729947,0.21917627703,0.180867777873,0.0216499596464,0.00215325550324
328,0.389536540866,0.213799316878,0.340857167152,0.053204027532,0.00260294757139
329,0.569929272383,0.222356504025,0.1839270493,0.0213710763418,0.00241609794968
330,0.311583911822,0.297867436825,0.309920022867,0.0759961027683,0.0046325257178
331,0.410981654359,0.179216262372,0.350351320018,0.0573434065745,0.00210735667656
332,0.200065322447,0.684730142414,0.0199745500919,0.0801706831823,0.0150593018645
333,0.655125462792,0.256754903005,0.0662303201694,0.0169133986661,0.00497591536783
334,0.535053033768,0.337840072881,0.0813243805157,0.0403534295648,0.0054290832699
335,0.0833427139436,0.708836479557,0.0849774967995,0.101993174297,0.0208501354024
336,0.648875806077,0.258465704035,0.0700245519623,0.0174893373905,0.0051446005357
337,0.0580363921426,0.510926734951,0.0989204389689,0.32012448025,0.011991953687
338,0.556751193527,0.229415634636,0.189144701229,0.0225694786046,0.00211899200373
339,0.0881039579752,0.703116610909,0.080493187526,0.10869739396,0.0195888496291
340,0.43180251464,0.194702610717,0.319582165519,0.0518595018885,0.00205320723541
341,0.307833125324,0.467292794407,0.0943309914466,0.116923001935,0.0136200868873
342,0.650179814431,0.259376396642,0.0675609576875,0.0177208940743,0.00516193716504
343,0.0767525766882,0.46088311216,0.163754136489,0.288715372667,0.00989480199587
344,0.565988242984,0.223523391838,0.186706343193,0.0218106256158,0.00197139636903
345,0.660204990682,0.249296474713,0.0690209399925,0.0167351376169,0.00474245699576
346,0.385767078631,0.213474319402,0.344263034724,0.0539781795998,0.00251738764299
347,0.338995463263,0.203630490511,0.396261434202,0.0596235250041,0.00148908702006
348,0.260838222485,0.604157435492,0.0455597782602,0.0572846953471,0.0321598684158
349,0.369580861881,0.201043479751,0.369112735543,0.05764531948,0.00261760334481
350,0.380619948909,0.221999802774,0.340193252013,0.0546991144054,0.00248788189972
351,0.611591776279,0.198023629031,0.170627216377,0.0178064879273,0.00195089038616
352,0.497809930647,0.414543737727,0.0341632552057,0.0459803200242,0.00750275639591
353,0.3406023322,0.20147888196,0.39842008726,0.0578159288075,0.00168276977164
354,0.648374952813,0.266981635527,0.0625764043399,0.0169909379282,0.00507606939211
355,0.565358730938,0.225022755399,0.184906213953,0.0223009489761,0.00241135073452
356,0.0637069623765,0.798170711241,0.0153237516476,0.0965171811623,0.0262813935727
357,0.493042925417,0.35227222205,0.0953293086765,0.0549465580292,0.00440898582747
358,0.502747542937,0.384673164604,0.0668740438089,0.0406012870644,0.00510396158511
359,0.481550078275,0.41649482046,0.0538250978724,0.0353487128507,0.0127812905413
360,0.531021264468,0.341844926562,0.0790097616926,0.0430560507958,0.00506799648153
361,0.675707319322,0.244912072318,0.0581703792365,0.0166167976241,0.00459343149961
362,0.218346609937,0.492192090774,0.20653165843,0.0704629402299,0.0124667006282
363,0.369219602397,0.184862079167,0.388382257347,0.0544935635925,0.00304249749599
364,0.629232765109,0.250123559495,0.0975373428265,0.0184223070636,0.00468402550594
365,0.668470931432,0.247097462743,0.0628756245504,0.01661491374,0.00494106753488
366,0.1541750532,0.57164216682,0.062394061738,0.196472648225,0.015316070017
367,0.630833638124,0.271630836989,0.0671179381677,0.0266420153989,0.00377557131991
368,0.249589187283,0.455947475795,0.123812161928,0.1584721665,0.0121790084929
369,0.0581372564472,0.597498956362,0.0682655162805,0.264457080637,0.0116411902729
370,0.607891219988,0.286963240266,0.0744615555148,0.0270776645107,0.00360631972052
371,0.566198792184,0.202266704481,0.200436597087,0.0297277109908,0.00137019525744
372,0.52290764088,0.344930019198,0.083564280483,0.0430202027518,0.00557785668671
373,0.684898849831,0.235634328663,0.0586005829647,0.0163621011686,0.00450413737264
374,0.340290774095,0.195004805491,0.399975229072,0.0611134725689,0.00361571877274
375,0.492807600716,0.42526001648,0.0308433423797,0.0445252167197,0.00656382370413
376,0.383493641297,0.189157305625,0.380976428334,0.0444681869482,0.00190443779519
377,0.528317069198,0.225887880922,0.211315071701,0.0327479864372,0.0017319917417
378,0.6049257679,0.197634626585,0.176387905111,0.0190894284548,0.00196227194961
379,0.628982653259,0.207143790945,0.143998611538,0.0174247131646,0.00245023109342
380,0.483514931888,0.414836907464,0.053591832641,0.0352690624835,0.0127872655234
381,0.515174855274,0.367519852506,0.0511599228624,0.0579131321909,0.00823223716713
382,0.199815093372,0.690481884015,0.0214695657201,0.0738534344712,0.0143800224217
383,0.0623412956965,0.785237533431,0.0262330277745,0.100406312484,0.0257818306138
384,0.133512911244,0.634233495865,0.0668734317181,0.151241095388,0.0141390657846
385,0.388820206826,0.182666680359,0.373545045428,0.0520352844409,0.00293278294546
386,0.342331049896,0.20296855192,0.396465465259,0.0565561775559,0.00167875536953
387,0.0566276341212,0.819922009272,0.0111791862044,0.0896463848703,0.0226247855324
388,0.566231054138,0.22345192693,0.186212311472,0.0217908818631,0.00231382559675
389,0.647053436338,0.265264936965,0.065692526033,0.0170776848625,0.00491141580156
390,0.654427063993,0.254878736023,0.0686860066344,0.0171350841929,0.00487310915743
391,0.290913258486,0.284688824146,0.337671231471,0.0820793285867,0.00464735731016
392,0.518240350629,0.396659547998,0.0313114989333,0.0462914327248,0.00749716971466
393,0.676149743607,0.242302241741,0.0600134084454,0.0167852190856,0.00474938712023
394,0.0897163835314,0.708839744367,0.0634259367475,0.114483705916,0.0235342294375
395,0.384753069884,0.216225981499,0.343722098322,0.0528450475945,0.00245380270103
396,0.373198974051,0.205046402034,0.362009261381,0.0572143668839,0.00253099565001
397,0.177873469072,0.445620166354,0.287045829323,0.080680951869,0.00877958338142
398,0.484950876565,0.41134601036,0.0541599199589,0.0372713571211,0.0122718359953
399,0.607279478975,0.197159889908,0.175647256351,0.0180765117914,0.0018368629752
400,0.533618860552,0.221968449125,0.210919930169,0.0315245535639,0.00196820659028
401,0.582103144019,0.339605213456,0.0323126337273,0.0391485049577,0.00683050383982
402,0.565980693496,0.223837199946,0.186624291063,0.0214194561079,0.0021383593871
403,0.599379682442,0.204744356225,0.175342631132,0.0185079398546,0.00202539034725
404,0.0578168445534,0.809538518974,0.0133838782961,0.0945177074581,0.0247430507181
405,0.51526075162,0.394322922715,0.0355869530228,0.0475979872075,0.00723138543496
406,0.393537202406,0.212861783568,0.338565839095,0.0524351788643,0.00259999606632
407,0.644693110709,0.23615141981,0.0940818833022,0.0202543284972,0.00481925768135
408,0.413094425139,0.186442270837,0.348790789972,0.0491242970139,0.00254821703825
409,0.619333866213,0.196830072379,0.164427516028,0.0175175459486,0.00189099943208
410,0.489858424236,0.421233720994,0.0360374883231,0.0455918843876,0.00727848206006
411,0.441482489128,0.334697608808,0.180322366725,0.0374472261878,0.00605030915146
412,0.653296095273,0.255921089012,0.0681304060916,0.0177125923058,0.00493981731763
413,0.578395012789,0.239286331137,0.157981599735,0.0214470184368,0.00289003790213
414,0.637885643478,0.241564597061,0.0932614463775,0.0204292209191,0.006859092164
415,0.398717538174,0.194602144259,0.346770018364,0.0562499415288,0.00366035767378
416,0.689299744247,0.233122369554,0.056231642083,0.0162788115939,0.00506743252128
417,0.432367898709,0.200299088537,0.319562168042,0.0455580398416,0.0022128048701
418,0.396561826817,0.2084151307,0.343033690319,0.0495077265719,0.00248162559136
419,0.674922587155,0.242915927406,0.0616235855653,0.0157850848782,0.00475281499576
420,0.618872218046,0.278942721503,0.0693588967278,0.0287357390704,0.00409042465273
421,0.615471498517,0.197560296685,0.167505775083,0.0174791756452,0.00198325406941
422,0.214789497705,0.672576565697,0.019564664212,0.0784054560595,0.0146638163268
423,0.215191700875,0.67088451977,0.0190966578448,0.0797592662908,0.0150678552194
424,0.649486529016,0.232305264853,0.0952611698039,0.0183382143336,0.00460882199369
425,0.450749069678,0.326458279762,0.135493520929,0.0783182190108,0.00898091061891
426,0.303217883688,0.521900169664,0.0784402573325,0.0843443381867,0.0120973511288
427,0.523175110105,0.36274880091,0.0525248061025,0.0540305028481,0.00752078003412
428,0.208519511868,0.671072299351,0.0209027847007,0.0839242815068,0.015581122573
429,0.439561765221,0.368476268174,0.146116125737,0.0383626882234,0.00748315264382
430,0.0555007314998,0.813025401379,0.0123921161096,0.0947596327278,0.0243221182839
431,0.620196837406,0.279900560383,0.0669858385922,0.0289520250413,0.0039647385778
432,0.389816531982,0.202323025419,0.355278924864,0.0499002663816,0.00268125135293
433,0.561173233333,0.228993544206,0.186035852412,0.0216258072963,0.00217156275299
434,0.3797642071,0.189714581115,0.38160813037,0.0473780013036,0.00153508011151
435,0.189484097861,0.701552092651,0.0186066539202,0.0758307118506,0.0145264437167
436,0.208534942458,0.676108051867,0.0194461572668,0.08091899682,0.014991851588
437,0.675089768003,0.243041836934,0.0613192162595,0.0157185318767,0.00483064692605
438,0.440657371798,0.209844349282,0.302422119622,0.044260275269,0.00281588402912
439,0.220592584039,0.663821108116,0.0214824916685,0.078312202883,0.0157916132931
440,0.644695775904,0.246397630132,0.0865239452186,0.0175912103339,0.00479143841073
441,0.141338855323,0.523798283672,0.185059107837,0.134625530883,0.0151782222847
442,0.60268476425,0.226805248548,0.148946828794,0.0192902919534,0.00227286645482
443,0.611785835715,0.284218995887,0.0716892458848,0.0284701756856,0.00383574682678
444,0.345407182215,0.200840729337,0.396311895135,0.0554840235711,0.00195616974161
445,0.429570323246,0.194616634677,0.320801956159,0.0528816584497,0.00212942746933
446,0.52884663508,0.226503343009,0.211172047455,0.031623204018,0.0018547704377
447,0.421358107413,0.276106500714,0.243343747805,0.0541791370291,0.00501250703925
448,0.46385787057,0.397684403813,0.0843919235428,0.0408029816074,0.0132628204668
449,0.258712177593,0.586335081547,0.0570220978417,0.0638178273962,0.0341128156218
450,0.430674123355,0.341302662045,0.182664525925,0.0395752005011,0.00578348817507
451,0.0526158261156,0.823044425419,0.0131145415867,0.088243932823,0.022981274056
452,0.467535255708,0.246931526028,0.229719460151,0.05168993711,0.00412382100362
453,0.564572403763,0.223662495766,0.18868606519,0.0207740842412,0.00230495104027
454,0.0539997281166,0.646694699883,0.0618789887593,0.226558911556,0.0108676716855
455,0.376947185273,0.21443597782,0.341744331308,0.0644823743118,0.00239013128662
456,0.423643371208,0.20847859172,0.320039237576,0.0455791507014,0.00225964879427
457,0.573205595702,0.321660073212,0.06987981432,0.0310047588085,0.00424975795801
458,0.297969838643,0.285713078954,0.322967517801,0.0888737673913,0.00447579721087
459,0.672815169568,0.244206543318,0.0615748084523,0.0165497566857,0.00485372197671
460,0.523347835398,0.391811197229,0.0346220522807,0.0432857946636,0.00693312042811
461,0.619241207131,0.190071253063,0.17179618983,0.0172445620146,0.00164678796145
462,0.349412133562,0.200373509896,0.395726624845,0.0525297468837,0.00195798481351
463,0.0657940938735,0.798368886167,0.0157700208243,0.0933569571796,0.0267100419554
464,0.222932146981,0.484454677465,0.210877612288,0.069126608215,0.0126089550515
465,0.38870933349,0.213310335382,0.343646125246,0.0516968941698,0.00263731171267
466,0.628114639016,0.191666873928,0.160686079315,0.0178255694376,0.00170683830348
467,0.0641509133247,0.658853555057,0.117035105545,0.141654157844,0.0183062682294
468,0.45092829772,0.236601607393,0.247598869513,0.0592125511845,0.00565867418963
469,0.433047096186,0.325228243551,0.19198805336,0.043691434254,0.00604517264922
470,0.402707372727,0.351592837453,0.145442031949,0.0934033155877,0.00685444228335
471,0.214045094154,0.657964413938,0.0310358251264,0.0826299942309,0.0143246725499
472,0.0722275904221,0.54190905858,0.123411188437,0.250559074313,0.011893088248
473,0.532033222756,0.336304467737,0.0826283179199,0.0434175220596,0.00561646952691
474,0.432111971555,0.193862138206,0.320311444541,0.0517958034184,0.00191864227926
475,0.560184821823,0.226555261267,0.189707844052,0.0212646553074,0.00228741755119
476,0.671810838006,0.243366698617,0.0640466456243,0.016337816575,0.00443800117754
477,0.144170125007,0.614383706174,0.0659106998936,0.159427677204,0.016107791722
478,0.386443233927,0.21538222593,0.341855638244,0.0536619607446,0.00265694115496
479,0.215551160154,0.672796492367,0.021080002998,0.075692196459,0.0148801480215
480,0.66615371175,0.251897449854,0.0601455105798,0.0170312081471,0.00477211966884
481,0.112128280472,0.332339439866,0.406134068861,0.146382818313,0.00301539248752
482,0.222461079635,0.491552919391,0.204139431131,0.0690373510451,0.012809218798
483,0.338640995277,0.192510662381,0.406686834837,0.0586437863278,0.00351772117637
484,0.0863438819348,0.700404648851,0.0794004741796,0.114000028896,0.019850966139
485,0.468455904791,0.321697045528,0.124691361555,0.0757641284355,0.00939155969051
486,0.0974645140275,0.288698828546,0.422277149193,0.188271598051,0.00328791018227
487,0.562540680908,0.226855873358,0.186816810885,0.0216148010258,0.00217183382333
488,0.56040571753,0.227274697148,0.188788555817,0.0212478927335,0.00228313677161
489,0.463013556652,0.399636470069,0.086386717673,0.038222985281,0.0127402703252
490,0.0601228959564,0.807324566702,0.0144345448912,0.0931177840186,0.0250002084314
491,0.486997139513,0.427202328081,0.0321355226805,0.0462172778981,0.00744773182709
